01D8450D050002D0 1280 720 6 1 40 0 1 3768320
01DBDD0D050002D0 1280 720 6 1 40 0 1 3768320
00ACA70401400244 320 580 2 0 16 0 1 296768
00B4940400A00122 160 290 2 0 8 0 1 74144
00B4810400A00122 160 290 2 0 8 0 1 74144
00AA080401400244 320 580 2 0 16 0 1 296768
00B1F50400A00122 160 290 2 0 8 0 1 74144
00B1E20400A00122 160 290 2 0 8 0 1 74144
00A7690401400244 320 580 2 0 16 0 1 296768
00BF560400A00122 160 290 2 0 8 0 1 74144
00BF430400A00122 160 290 2 0 8 0 1 74144
00AC380401400244 320 580 2 0 16 0 1 296768
00B4250400A00122 160 290 2 0 8 0 1 74144
00B4120400A00122 160 290 2 0 8 0 1 74144
00A9990401400244 320 580 2 0 16 0 1 296768
00B1860400A00122 160 290 2 0 8 0 1 74144
00B1730400A00122 160 290 2 0 8 0 1 74144
00A6FA0401400244 320 580 2 0 16 0 1 296768
00BEE70400A00122 160 290 2 0 8 0 1 74144
00BED40400A00122 160 290 2 0 8 0 1 74144
00AD160401400244 320 580 2 0 16 0 1 296768
00B5030400A00122 160 290 2 0 8 0 1 74144
00B4F00400A00122 160 290 2 0 8 0 1 74144
00AA770401400244 320 580 2 0 16 0 1 296768
00B2640400A00122 160 290 2 0 8 0 1 74144
00B2510400A00122 160 290 2 0 8 0 1 74144
00A7D80401400244 320 580 2 0 16 0 1 296768
00BFC50400A00122 160 290 2 0 8 0 1 74144
00BFB20400A00122 160 290 2 0 8 0 1 74144
01D4754104600248 1120 584 32 1 35 1 1 5447680
01ED100D04600248 1120 584 6 1 35 2 1 2723840
010AB80D00550052 85 82 6 1 3 2 1 36864
010AC10D00500050 80 80 6 1 3 2 1 36864
011BCB05023601B9 566 441 2 1 18 0 1 258048
01020A0D01000001 256 1 6 1 8 2 1 32768
00E9ED0502800168 640 360 2 1 20 0 1 245760
00F6290D01000001 256 1 6 1 8 2 1 32768
00D63105050002D0 1280 720 2 1 40 0 1 942080
00F7170D01000001 256 1 6 1 8 2 1 32768
00C31F05078002D0 1920 720 2 1 60 0 1 1413120
0108780D01000001 256 1 6 1 8 2 1 32768
0114BA0502800168 640 360 2 1 20 0 1 245760
0108F60D01000001 256 1 6 1 8 2 1 32768
011C8105037A00E0 890 224 2 1 28 0 1 200704
0108B20D01000001 256 1 6 1 8 2 1 32768
0101800D00040004 4 4 6 1 1 2 1 4096
01033A05003600A4 54 164 2 1 2 0 1 12288
01093D0D01000001 256 1 6 1 8 2 1 32768
0104450500950246 149 582 2 1 5 0 1 97792
01095D0D01000001 256 1 6 1 8 2 1 32768
01036505003A00AA 58 170 2 1 2 0 1 12288
0109680D01000001 256 1 6 1 8 2 1 32768
01027005005800D3 88 211 2 1 3 0 1 23040
0109760D01000001 256 1 6 1 8 2 1 32768
01147E050283016A 643 362 2 1 21 0 1 258048
0109BD0D01000001 256 1 6 1 8 2 1 32768
010DFE05019D01F3 413 499 2 1 13 0 1 212992
0109320D01000001 256 1 6 1 8 2 1 32768
0110C50502130025 531 37 2 1 17 0 1 35840
0109CE0D01000001 256 1 6 1 8 2 1 32768
0112D6050249005B 585 91 2 1 19 0 1 59904
0109E50D01000001 256 1 6 1 8 2 1 32768
01CF550403C0021C 960 540 2 0 32 0 1 552896
01FF330401E0010E 480 270 2 0 16 0 1 138208
01FF110401E0010E 480 270 2 0 16 0 1 138208
01CE8A0403C0021C 960 540 2 0 32 0 1 552896
01FE680401E0010E 480 270 2 0 16 0 1 138208
01FE460401E0010E 480 270 2 0 16 0 1 138208
01CB000403C0021C 960 540 2 0 32 0 1 552896
01FADE0401E0010E 480 270 2 0 16 0 1 138208
01FABC0401E0010E 480 270 2 0 16 0 1 138208
